   37.2     94.89
   39.2     84.90
   39.6     81.35
   44.9     69.47
   38.5     61.06
   37.2     59.97
   30.6    112.54
    0.3    342.63
    2.2    344.20
   -6.4    104.90
    3.2    106.87
    2.1    284.19
  -11.4    282.57
    0.3    280.93
   -8.4     33.79
   -6.6     32.97
   -6.1     32.09
  -54.3    177.57
  -53.5    177.76
  -13.3    224.33
   -8.7    223.66
 ******    210.74
 ******    211.84
   -7.4    167.10
   66.6    246.96
   30.9    249.03
   47.1    302.55
   51.0     42.21
   21.6     47.57
   26.2     47.29
   26.1     31.15